 Nproc=           1
 Ndim=           1
 Nnodes=           3           5           9
 Nvars=          32          64         128
 Finterp= F
 nprob=           0
 nsteps=          20
 dt=  0.25000000000000000     
 nu=   1.0000000000000000     
 v=   0.0000000000000000     
 kfreq=           1
 do_spec           1
 fbase=pfasst_V            
 logfile=progress_foo.log                                                                                                                
 use IMEX sweeper
 cold start with spread initial value
